"Name","GP","FG","Reb","Ast","Points","Weight","Height"
"Aaron Brooks",-1.08147068179649,-3.90107789071443,-7.11187053719921,-4.01347052944723,-6.09780524120221,-4.7336563785743,-2.56698675988169
"Aaron Jackson",-2.42318238450759,-8.84566589466071,-1.89828123361332,-2.94776601439401,-1.40138958655646,-2.96843631070755,-1.07400854493807
"Abdel Nader",-0.388974319106897,-8.64246364792319,-5.02643481576485,-4.27989665821053,-5.52105244150888,0.802715652462328,0.418969670005544
"Al Horford",0.649770224927498,1.72085093569023,7.27763594069784,6.91000074984829,2.6358800112969,2.0062747896442,-2.56698675988169
"Al-Farouq Aminu",0.519927156923199,-4.64615279541867,7.69472308498471,-2.41491375686739,-0.330277244268833,0.000342894341077029,1.91194788494916
"Alec Burks",0.3035220435827,-3.56240747948524,-1.89828123361332,-2.94776601439401,-1.64856935785361,-0.481080760531673,0.418969670005544
"Alex Abrines",0.779613292931797,-4.64615279541867,-5.02643481576485,-4.54632278697384,-4.12036707082506,-2.40677538002267,0.418969670005544
"Amir Johnson",0.736332270263697,5.03982096573637,1.22987234853821,-1.34920924181417,-4.2027603279241,1.60508841058358,1.91194788494916
"Andre Iguodala",0.3035220435827,-0.040235202701587,-0.229932656465839,3.18003494716201,-3.04925472853743,-0.400843484719548,0.418969670005544
"Andrew Wiggins",1.0825804516085,-1.73358725884757,1.02132877639477,-0.283504726760953,6.59075635205122,-1.44392807027717,1.41428847996795
"Ante Zizic",-1.08147068179649,18.1124988391834,-4.19226052719111,-5.07917504450045,-4.94429964181554,2.40746116870483,-2.06932735490048
"Anthony Davis",0.779613292931797,4.76888463675301,14.9937481100049,0.515773659528962,15.1596550903522,2.6481729961412,-2.56698675988169
"Aron Baynes",1.0392994289404,0.501637455265125,3.10676449782913,-2.6813398856307,-3.04925472853743,3.20983392682608,-2.56698675988169
"Bam Adebayo",0.519927156923199,3.27873482734454,3.31530806997256,-1.61563537057748,-2.30771541464599,2.80864754776545,-2.56698675988169
"Ben Simmons",1.0392994289404,5.51395954145724,8.73744094570188,16.234915256564,5.02528446716931,0.802715652462328,-2.56698675988169
"Bojan Bogdanovic",0.996018406272296,0.704839702002643,-1.06410694503958,-1.61563537057748,3.78938561068358,0.802715652462328,1.41428847996795
"Bradley Beal",1.0825804516085,-0.243437449439105,1.02132877639477,6.37714849232168,10.6280259499046,-1.04274169121655,-0.0786897349756613
"Brandon Jennings",-1.86052908982229,-6.00083444033546,-3.5666298107608,2.6471826896354,-3.70840078532981,-4.01152089626518,-2.06932735490048
"Brandon Paul",0.3035220435827,-2.07225767007677,-5.86060910433859,-4.01347052944723,-6.09780524120221,-1.60440262190142,-0.576349139956867
"Bryn Forbes",0.996018406272296,-2.88506665702684,-5.23497838790829,-2.94776601439401,-2.30771541464599,-2.40677538002267,-1.07400854493807
"Caleb Swanigan",-1.29787579513699,-4.30748238418947,-3.98371695504768,-4.27989665821053,-6.09780524120221,2.40746116870483,1.41428847996795
"Carmelo Anthony",0.909456360936097,-4.03654605520611,3.94093878640287,-2.14848762810409,5.3548574955655,1.60508841058358,1.41428847996795
"Cedi Osman",0.1736789755784,1.38218052446104,-3.98371695504768,-3.74704440068392,-4.77951312761744,-0.400843484719548,1.41428847996795
"Cheick Diallo",-0.215850228434498,7.88465242006162,0.395698059964467,-4.54632278697384,-3.95558055662696,0.000342894341077029,1.91194788494916
"Chinanu Onuaku",-2.42318238450759,-4.30748238418947,0.187154487821032,-2.94776601439401,-4.69711987051839,2.0062747896442,-2.56698675988169
"Chris Paul",0.043835907574101,-0.243437449439105,3.10676449782913,15.4356368702741,7.33229566594266,-3.61033451720455,-2.56698675988169
"Clint Capela",0.736332270263697,12.7615063417621,14.3681173935746,-3.21419214315731,3.45981258228739,1.60508841058358,-2.56698675988169
"Corey Brewer",-0.129288183098298,-0.717576025159982,-4.60934767147798,-3.48061827192062,-4.94429964181554,-2.72772448327118,1.91194788494916
"Corey Brewer",0.649770224927498,-0.988512354143339,-3.77517338290424,-3.21419214315731,-3.62600752823077,-2.72772448327118,1.91194788494916
"Corey Brewer",-1.68740499914989,-1.32718276537254,-1.06410694503958,-2.14848762810409,0.328868812523552,-2.72772448327118,1.91194788494916
"Cory Joseph",1.0825804516085,-2.68186441028933,-1.48119408932645,2.91360881839871,-1.48378284365551,-2.40677538002267,-1.07400854493807
"Dakari Johnson",-1.12475170446459,6.80090710412819,-5.86060910433859,-4.81274891573714,-6.50977152669746,2.80864754776545,3.40492609989278
"Damian Jones",-1.81724806715419,2.46592584039447,-6.27769624862546,-5.34560117326375,-6.5921647837965,2.0062747896442,3.40492609989278
"Damian Lillard",0.693051247595598,-1.66585317660173,1.22987234853821,11.9720971963511,14.1709360051637,-2.00558900096205,-1.07400854493807
"Danny Green",0.563208179591298,-5.18802545338538,-0.647019800752709,-1.34920924181417,-0.907030043962172,-0.400843484719548,0.418969670005544
"Dante Exum",-1.86052908982229,1.3144464422152,-4.19226052719111,2.6471826896354,-1.31899632945741,-2.40677538002267,0.418969670005544
"Dario Saric",0.909456360936097,-0.717576025159982,5.81783093569379,1.31505204581888,4.03656538198072,0.241054721777452,-2.56698675988169
"Darius Miller",1.0825804516085,-1.32718276537254,-3.98371695504768,-1.88206149934078,-1.56617610075456,0.401529273401702,1.41428847996795
"Darren Collison",0.519927156923199,2.12725542916527,-2.73245552218706,8.50855752242812,2.22391372580166,-2.8079617590833,-1.57166794991928
"David Stockton",-2.33662033917139,13.7775175754497,-8.15458839791638,-5.61202730202706,-5.27387267021173,-4.4127072753258,-8.04124021467495
"David West",0.693051247595598,7.27504567984906,-1.27265051718302,-0.549930855524259,-2.39010867174504,2.40746116870483,1.91194788494916
"Davis Bertans",0.866175338267997,-1.59811909435589,-3.98371695504768,-2.94776601439401,-3.13164798563648,-0.802029863780174,-2.56698675988169
"DeAndre Liggins",0.043835907574101,-5.86536627584378,-5.44352196005172,-3.48061827192062,-6.5921647837965,-0.882267139592299,0.418969670005544
"DeAndre Liggins",-1.12475170446459,-8.50699548343151,-4.81789124362142,-3.21419214315731,-6.50977152669746,-0.882267139592299,0.418969670005544
"DeAndre Liggins",-1.29787579513699,-1.66585317660173,-6.06915267648203,-3.48061827192062,-6.67455804089555,-0.882267139592299,0.418969670005544
"Dejounte Murray",1.0392994289404,-1.39491684761838,3.73239521425943,2.11433043210879,-1.31899632945741,-4.01152089626518,-0.0786897349756613
"Delon Wright",0.519927156923199,0.0952329617900919,-2.10682480575676,2.11433043210879,-1.40138958655646,-2.40677538002267,-0.0786897349756613
"DeMar DeRozan",0.996018406272296,-0.514373778422463,-0.0213890843224036,8.24213139366482,10.9575989783008,0.000342894341077029,0.916629074986749
"Derrick Favors",0.866175338267997,6.73317302188235,6.86054879641096,-2.14848762810409,2.14152046870262,3.61102030588671,-2.56698675988169
"Derrick Rose",-1.77396704448609,-1.66585317660173,-4.40080409933455,-1.34920924181417,0.081689041226408,-2.40677538002267,-1.07400854493807
"Derrick Rose",-1.38443784047319,-1.93678950558509,-5.23497838790829,-1.61563537057748,-1.07181655816027,-2.40677538002267,-1.07400854493807
"Derrick Rose",-2.07693420316279,-2.54639624579765,-6.69478339291234,-2.41491375686739,-3.21404124273552,-2.40677538002267,-1.07400854493807
"Derrick White",-1.73068602181799,1.44991460670688,-5.02643481576485,-4.27989665821053,-5.35626592731078,-2.40677538002267,-0.576349139956867
"Domantas Sabonis",0.736332270263697,3.41420299183622,7.90326665712814,-0.283504726760953,1.56476766900928,2.56793572032908,-2.56698675988169
"Donovan Mitchell",0.952737383604196,-1.80132134109341,-0.438476228609274,4.24573946221524,8.89776755082458,-0.400843484719548,-1.07400854493807
"Draymond Green",0.563208179591298,-0.649841942914142,7.69472308498471,13.8370800976942,1.07040812641499,0.802715652462328,0.916629074986749
"Dwyane Wade",-0.475536364443096,-0.582107860668303,-0.0213890843224036,3.71288720468863,1.23519464061308,0.000342894341077029,-0.576349139956867
"Dwyane Wade",-1.55756193114559,-3.69787564397692,-1.06410694503958,2.6471826896354,1.89434069740547,0.000342894341077029,-0.576349139956867
"Dwyane Wade",0.433365111586999,-1.73358725884757,-0.229932656465839,3.44646107592532,1.39998115481118,0.000342894341077029,-0.576349139956867
"E'Twaun Moore",1.0825804516085,3.00779849836118,-2.10682480575676,0.515773659528962,2.30630698290071,-2.32653810421055,-0.576349139956867
"Ed Davis",0.909456360936097,8.0201205845533,7.27763594069784,-4.27989665821053,-3.62600752823077,2.0062747896442,-2.56698675988169
"Ekpe Udoh",0.2602410209146,2.46592584039447,-3.14954266647393,-3.48061827192062,-5.85062546990507,2.0062747896442,-2.56698675988169
"Emeka Okafor",-1.34115681780509,2.80459625162367,1.43841592068164,-4.81274891573714,-4.3675468421222,2.80864754776545,-2.56698675988169
"Eric Bledsoe",-2.33662033917139,-4.30748238418947,-3.35808623861737,2.3807565608721,4.94289121007026,-1.2032162428408,-2.06932735490048
"Eric Bledsoe",0.606489202259398,0.840307866494322,-0.0213890843224036,7.97570526490151,6.67314960915027,-1.2032162428408,-2.06932735490048
"Eric Bledsoe",0.736332270263697,0.637105619756804,-0.229932656465839,7.7092791361382,6.59075635205122,-1.2032162428408,-2.06932735490048
"Eric Gordon",0.519927156923199,-2.41092808130597,-2.9409990943305,0.249347530765658,6.83793612334837,-0.400843484719548,-0.576349139956867
"Ersan Ilyasova",-1.47099988580939,-1.66585317660173,5.81783093569379,-1.08278311305087,0.905621612216891,1.20390203152295,-2.56698675988169
"Ersan Ilyasova",-0.475536364443096,-0.311171531684945,3.31530806997256,-2.6813398856307,0.988014869315939,1.20390203152295,-2.56698675988169
"Ersan Ilyasova",0.519927156923199,-0.785310107405821,4.14948235854631,-2.14848762810409,0.988014869315939,1.20390203152295,-2.56698675988169
"Evan Turner",0.952737383604196,-1.12398051863502,-1.68973766146989,0.249347530765658,-1.23660307235837,0.000342894341077029,0.916629074986749
"Fred VanVleet",0.822894315599897,-2.54639624579765,-3.14954266647393,2.91360881839871,-0.907030043962172,-2.00558900096205,-2.56698675988169
"Furkan Korkmaz",-1.86052908982229,-12.0291677602152,-6.4862398207689,-4.81274891573714,-6.67455804089555,-2.40677538002267,0.916629074986749
"George Hill",0.433365111586999,-0.243437449439105,-2.52391195004363,1.84790430334549,0.246475555424504,-2.56724993164693,-1.07400854493807
"George Hill",-1.42771886314129,-1.32718276537254,-2.52391195004363,1.84790430334549,-0.247883987169785,-2.56724993164693,-1.07400854493807
"George Hill",-0.605379432447396,0.366169290773446,-2.52391195004363,1.84790430334549,0.49365532672165,-2.56724993164693,-1.07400854493807
"Gerald Green",-0.691941477783595,-3.8333438084686,-1.48119408932645,-4.01347052944723,1.97673395450452,-1.2032162428408,0.916629074986749
"Giannis Antetokounmpo",0.779613292931797,4.43021422552381,12.6997688164272,7.17642687861159,14.1709360051637,0.160817445965327,-2.06932735490048
"Goran Dragic",0.779613292931797,-0.9207782718975,0.395698059964467,7.17642687861159,6.26118332365503,-2.40677538002267,-1.07400854493807
"Gorgui Dieng",0.952737383604196,1.04351011323184,1.43841592068164,-3.21419214315731,-3.13164798563648,2.48769844451695,-2.06932735490048
"Greg Monroe",-1.60084295381369,11.0004202033702,8.52889737355845,1.04862591705557,1.31758789771213,3.61102030588671,-2.06932735490048
"Greg Monroe",-1.34115681780509,4.49794830776965,4.98365664712005,0.515773659528962,0.4112620696226,3.61102030588671,-2.06932735490048
"Greg Monroe",-0.259131251102597,6.86864118637402,6.23491807998066,0.249347530765658,0.49365532672165,3.61102030588671,-2.06932735490048
"Greg Monroe",-2.25005829383519,1.44991460670688,2.27259020925539,-2.94776601439401,-2.39010867174504,3.61102030588671,-2.06932735490048
"Guerschon Yabusele",-1.03818965912839,-2.54639624579765,-4.81789124362142,-4.27989665821053,-6.01541198410317,3.20983392682608,1.41428847996795
"Hassan Whiteside",-0.129288183098298,5.17528913022805,15.6193788264353,-2.94776601439401,3.54220583938644,3.61102030588671,3.40492609989278
"Ian Clark",0.736332270263697,-1.05624643638918,-4.60934767147798,-1.61563537057748,-1.89574912915075,-3.61033451720455,-1.07400854493807
"Ian Mahinmi",0.866175338267997,6.25903444616148,0.395698059964467,-3.74704440068392,-4.03797381372601,3.37030847845033,-2.06932735490048
"Jabari Parker",-1.12475170446459,1.24671235996936,2.06404663711195,-0.549930855524259,2.38870023999976,2.40746116870483,1.41428847996795
"Jae Crowder",-1.29787579513699,-5.25575953563122,-0.229932656465839,-1.61563537057748,1.72955418320737,1.20390203152295,0.418969670005544
"Jae Crowder",-0.172569205766398,-3.08826890376436,-1.27265051718302,-2.6813398856307,-0.907030043962172,1.20390203152295,0.418969670005544
"Jae Crowder",0.996018406272296,-4.03654605520611,-1.06410694503958,-2.41491375686739,-0.000704215872641436,1.20390203152295,0.418969670005544
"Jake Layman",-0.951627613792194,-11.2163587732651,-7.11187053719921,-4.81274891573714,-7.16891758348984,-0.802029863780174,1.91194788494916
"Jakob Poeltl",1.0825804516085,13.2356449174829,1.85550306496851,-3.74704440068392,-2.30771541464599,0.802715652462328,3.40492609989278
"Jamal Crawford",0.996018406272296,-3.29147115050188,-5.65206553219516,0.515773659528962,0.49365532672165,-2.8079617590833,-0.0786897349756613
"James Harden",0.649770224927498,-0.988512354143339,3.10676449782913,17.8334720291438,17.0547000036304,0.000342894341077029,-0.0786897349756613
"James Johnson",0.693051247595598,2.66912808713199,2.06404663711195,4.51216559097854,0.905621612216891,1.60508841058358,1.41428847996795
"Jason Smith",-1.03818965912839,-4.91708912440202,-4.81789124362142,-4.54632278697384,-5.19147941311268,1.60508841058358,3.40492609989278
"Jason Terry",-0.259131251102597,-5.45896178236874,-6.27769624862546,-2.41491375686739,-5.27387267021173,-2.8079617590833,-1.57166794991928
"JaVale McGee",0.346803066250799,10.661749792141,-2.73245552218706,-4.27989665821053,-4.03797381372601,4.01220668494733,3.40492609989278
"Jaylen Brown",0.563208179591298,0.0952329617900919,2.06404663711195,-1.34920924181417,3.95417212488168,0.401529273401702,0.916629074986749
"Jayson Tatum",0.996018406272296,0.772573784248483,2.27259020925539,-1.34920924181417,3.45981258228739,-1.2032162428408,1.41428847996795
"Jeff Green",0.909456360936097,0.908041948740162,-1.48119408932645,-2.14848762810409,0.905621612216891,1.20390203152295,1.91194788494916
"Jeff Teague",0.563208179591298,-1.19171460088086,-1.89828123361332,13.0378017114043,3.70699235358453,-2.4870126558348,-1.57166794991928
"Jerami Grant",1.0392994289404,4.83661871899885,-0.0213890843224036,-3.74704440068392,-1.07181655816027,0.000342894341077029,1.91194788494916
"Jerryd Bayless",-0.778503523119795,-3.22373706825604,-3.77517338290424,-1.88206149934078,-1.48378284365551,-1.60440262190142,-1.07400854493807
"Jimmy Butler",0.0871169302422008,0.704839702002643,2.89822092568569,7.4428530073749,10.2984529215084,1.28413930733508,1.41428847996795
"Joe Ingles",1.0825804516085,0.230701126281771,0.604241632107903,7.17642687861159,1.48237441191023,0.481766549213827,1.41428847996795
"Joe Johnson",-1.08147068179649,-2.95280073927268,-1.27265051718302,-1.88206149934078,-1.9781423862498,1.60508841058358,0.916629074986749
"Joe Johnson",-1.47099988580939,-5.59442994686042,-2.31536837790019,-1.08278311305087,-3.04925472853743,1.60508841058358,0.916629074986749
"Joe Johnson",-0.0860071604301984,-3.90107789071443,-1.68973766146989,-1.61563537057748,-2.39010867174504,1.60508841058358,0.916629074986749
"Joe Young",-0.172569205766398,-2.27545991681429,-5.65206553219516,-3.74704440068392,-4.77951312761744,-2.8079617590833,-1.57166794991928
"Joel Embiid",0.2602410209146,1.3144464422152,14.7852045378615,2.91360881839871,10.8752057212017,2.40746116870483,3.40492609989278
"Joffrey Lauvergne",-0.0860071604301984,3.5496711563279,-1.68973766146989,-3.74704440068392,-4.61472661341935,3.20983392682608,-2.06932735490048
"John Henson",0.822894315599897,7.3427797620949,6.02637450783722,-1.61563537057748,-0.742243529764075,0.722478376650203,-2.06932735490048
"John Wall",-0.691941477783595,-2.95280073927268,-0.438476228609274,19.9648810592502,7.99144172273504,-0.802029863780174,-0.576349139956867
"Jonas Jerebko",0.736332270263697,0.162967044035931,-1.27265051718302,-4.01347052944723,-3.21404124273552,0.882952928274453,-2.56698675988169
"Jonas Valanciunas",0.866175338267997,7.07184343311154,9.78015880641906,-2.6813398856307,2.47109349709881,2.80864754776545,3.40492609989278
"Jordan Bell",0.0005548849060012,11.0681542856161,-0.647019800752709,-0.816356984287563,-4.2027603279241,0.321291997589577,1.91194788494916
"Jordan Clarkson",-1.25459477246889,-0.514373778422463,-3.77517338290424,-1.08278311305087,2.38870023999976,-2.08582627677417,-0.0786897349756613
"Jordan Clarkson",1.0392994289404,-0.85304418965166,-2.52391195004363,1.58147817458218,3.45981258228739,-2.08582627677417,-0.0786897349756613
"Jordan Clarkson",-0.172569205766398,-1.05624643638918,-1.89828123361332,3.18003494716201,3.95417212488168,-2.08582627677417,-0.0786897349756613
"Jordan Crawford",-2.25005829383519,-1.32718276537254,-6.4862398207689,1.31505204581888,-2.55489518594314,-2.00558900096205,-0.0786897349756613
"Jose Calderon",0.0005548849060012,2.66912808713199,-5.02643481576485,-0.0170785979976477,-4.28515358502315,-1.60440262190142,-1.07400854493807
"Josh Huestis",0.519927156923199,-9.04886814139823,-3.35808623861737,-4.81274891573714,-6.09780524120221,0.802715652462328,0.916629074986749
"Josh Richardson",1.0392994289404,-0.85304418965166,-0.855563372896145,2.11433043210879,2.6358800112969,-1.60440262190142,0.418969670005544
"Jrue Holiday",1.0392994289404,2.05952134691943,1.22987234853821,10.3735404237713,7.66186869433885,-1.2032162428408,-0.576349139956867
"Justin Anderson",-0.821784545787895,-2.20772583456845,-3.14954266647393,-3.74704440068392,-2.88446821433933,0.802715652462328,0.418969670005544
"Justise Winslow",0.476646134255099,-2.68186441028933,3.10676449782913,0.249347530765658,-1.56617610075456,0.401529273401702,0.916629074986749
"Jusuf Nurkic",0.952737383604196,2.80459625162367,10.6143330949928,-0.816356984287563,3.78938561068358,4.81457944306858,3.40492609989278
"Karl-Anthony Towns",1.0825804516085,5.51395954145724,17.4962709757262,0.782199788292268,9.55691360761696,2.24698661708058,3.40492609989278
"Kelly Olynyk",0.822894315599897,2.26272359365695,3.73239521425943,1.58147817458218,1.48237441191023,2.0062747896442,3.40492609989278
"Kevin Durant",0.476646134255099,3.5496711563279,6.02637450783722,8.77498365119142,13.7589697196684,1.60508841058358,1.91194788494916
"Kevin Love",0.0871169302422008,-0.378905613930784,11.2399638114231,-1.08278311305087,6.50836309495218,2.48769844451695,-2.56698675988169
"Kevon Looney",0.390084088918899,7.88465242006162,-1.27265051718302,-4.01347052944723,-4.69711987051839,0.000342894341077029,1.91194788494916
"Khris Middleton",1.0825804516085,0.162967044035931,2.68967735354226,5.04501784850515,8.56819452242838,1.12366475571083,1.41428847996795
"Klay Thompson",0.693051247595598,1.6531168534444,-0.229932656465839,1.04862591705557,8.48580126532933,-0.400843484719548,0.916629074986749
"Kyle Anderson",0.736332270263697,4.29474606103213,3.10676449782913,1.58147817458218,-1.48378284365551,0.802715652462328,1.91194788494916
"Kyle Korver",0.693051247595598,-0.311171531684945,-3.35808623861737,-2.41491375686739,-0.412670501367883,-0.641555312155924,0.916629074986749
"Kyle Lowry",0.909456360936097,-2.47866216355181,3.523851642116,12.771375582641,5.3548574955655,-1.2032162428408,-2.56698675988169
"LaMarcus Aldridge",0.779613292931797,3.14326666285286,9.57161523427562,-0.283504726760953,11.0399922353998,3.20983392682608,-2.06932735490048
"Lance Stephenson",1.0825804516085,-2.47866216355181,2.68967735354226,2.11433043210879,-0.412670501367883,0.802715652462328,0.418969670005544
"LeBron James",1.0825804516085,5.31075729471973,9.78015880641906,18.6327504154337,14.665295547758,2.40746116870483,1.41428847996795
"Lorenzo Brown",-1.86052908982229,-3.4946733972394,-5.86060910433859,-3.21419214315731,-6.09780524120221,-2.4870126558348,-0.0786897349756613
"Luc Mbah a Moute",0.1736789755784,1.17897827772352,-1.89828123361332,-3.21419214315731,-1.8133558720517,0.802715652462328,1.41428847996795
"Lucas Nogueira",-0.345693296438797,10.1198771341743,-4.40080409933455,-4.54632278697384,-5.93301872700412,0.000342894341077029,3.40492609989278
"Luke Babbitt",-1.90381011249039,-15.5513400369988,-5.65206553219516,-4.54632278697384,-5.93301872700412,0.401529273401702,1.91194788494916
"Luke Babbitt",-0.302412273770697,-2.74959849253517,-4.19226052719111,-4.01347052944723,-3.70840078532981,0.401529273401702,1.91194788494916
"Luke Babbitt",-0.865065568455994,0.840307866494322,-3.5666298107608,-3.74704440068392,-2.96686147143838,0.401529273401702,1.91194788494916
"Malcolm Brogdon",-0.388974319106897,1.44991460670688,-1.27265051718302,2.91360881839871,2.71827326839595,-0.400843484719548,-0.0786897349756613
"Manu Ginobili",0.346803066250799,-2.00452358783093,-3.5666298107608,1.04862591705557,-0.659850272665027,-1.2032162428408,0.418969670005544
"Marcin Gortat",1.0825804516085,3.68513932081958,7.69472308498471,-0.816356984287563,-1.07181655816027,1.60508841058358,-2.06932735490048
"Marco Belinelli",0.996018406272296,-1.46265092986422,-4.19226052719111,-0.549930855524259,1.97673395450452,-0.802029863780174,-0.0786897349756613
"Marco Belinelli",-0.215850228434498,-3.56240747948524,-4.19226052719111,-0.283504726760953,1.39998115481118,-0.802029863780174,-0.0786897349756613
"Marco Belinelli",-1.25459477246889,2.12725542916527,-4.40080409933455,-1.34920924181417,3.21263281099024,-0.802029863780174,-0.0786897349756613
"Marcus Georges-Hunt",-0.648660455115496,-1.73358725884757,-7.32041410934264,-5.07917504450045,-6.83934455509365,0.481766549213827,-0.0786897349756613
"Marcus Morris",-0.129288183098298,-2.34319399906013,3.10676449782913,-2.14848762810409,3.21263281099024,1.20390203152295,1.91194788494916
"Marcus Smart",-0.129288183098298,-6.54270709830217,-0.855563372896145,7.17642687861159,0.4112620696226,0.000342894341077029,-0.576349139956867
"Markelle Fultz",-1.86052908982229,-3.96881197296027,-1.68973766146989,4.51216559097854,-2.1429289004479,-1.60440262190142,-0.576349139956867
"Markieff Morris",0.693051247595598,1.11124419547768,3.523851642116,-0.549930855524259,1.48237441191023,2.0062747896442,-2.56698675988169
"Matthew Dellavedova",-0.821784545787895,-6.88137750953137,-4.60934767147798,4.51216559097854,-4.44994009922125,-1.76487717352567,-0.576349139956867
"Maurice Harkless",0.0871169302422008,2.12725542916527,-2.52391195004363,-3.21419214315731,-2.63728844304219,0.000342894341077029,1.91194788494916
"Meyers Leonard",-1.03818965912839,8.56199324252001,-3.77517338290424,-4.27989665821053,-5.19147941311268,2.80864754776545,3.90258550487398
"Mike Scott",0.822894315599897,4.29474606103213,-1.27265051718302,-2.6813398856307,-0.742243529764075,1.3643765831472,1.41428847996795
"Myles Turner",0.346803066250799,1.04351011323184,5.19220021926348,-2.14848762810409,2.47109349709881,2.80864754776545,-2.06932735490048
"Nemanja Bjelica",0.433365111586999,-0.175703367193266,0.395698059964467,-2.14848762810409,-2.39010867174504,0.802715652462328,-2.56698675988169
"Nick Young",0.996018406272296,-3.4946733972394,-4.81789124362142,-4.27989665821053,-1.9781423862498,-0.802029863780174,0.916629074986749
"Nikola Mirotic",-1.38443784047319,0.704839702002643,5.19220021926348,-1.34920924181417,5.84921703815979,1.44461385895933,-2.56698675988169
"Nikola Mirotic",-0.0860071604301984,-1.12398051863502,7.27763594069784,-1.61563537057748,4.86049795297121,1.44461385895933,-2.56698675988169
"Nikola Mirotic",-1.16803272713269,-2.47866216355181,8.94598451784532,-1.88206149934078,4.03656538198072,1.44461385895933,-2.56698675988169
"Norman Powell",0.563208179591298,-4.23974830194363,-4.60934767147798,-2.14848762810409,-3.46122101403267,-0.400843484719548,-0.576349139956867
"OG Anunoby",0.736332270263697,0.501637455265125,-2.9409990943305,-3.74704440068392,-3.13164798563648,1.20390203152295,1.41428847996795
"Pascal Siakam",1.0392994289404,3.00779849836118,1.22987234853821,-0.283504726760953,-1.9781423862498,0.802715652462328,1.91194788494916
"Pat Connaughton",1.0825804516085,-2.74959849253517,-3.98371695504768,-2.6813398856307,-3.54361427113172,-0.802029863780174,-0.0786897349756613
"Patrick Patterson",1.0825804516085,-4.44295054868115,-3.14954266647393,-3.74704440068392,-4.77951312761744,0.802715652462328,1.91194788494916
"Patty Mills",1.0825804516085,-3.56240747948524,-4.19226052719111,1.84790430334549,0.246475555424504,-2.8079617590833,-2.56698675988169
"Pau Gasol",0.866175338267997,-0.378905613930784,8.52889737355845,2.6471826896354,0.328868812523552,2.40746116870483,3.40492609989278
"Paul George",0.952737383604196,-2.27545991681429,3.73239521425943,3.18003494716201,10.0512731502113,0.000342894341077029,1.91194788494916
"Quinn Cook",-1.03818965912839,1.38218052446104,-2.9409990943305,1.58147817458218,-0.165490730070737,-3.28938541395605,-1.57166794991928
"Rajon Rondo",0.346803066250799,0.29843520852761,0.187154487821032,16.234915256564,-1.15420981525932,-2.72772448327118,-2.06932735490048
"Raul Neto",-0.691941477783595,-0.446639696176624,-5.65206553219516,-0.816356984287563,-4.28515358502315,-3.28938541395605,-2.06932735490048
"Raymond Felton",1.0825804516085,-3.90107789071443,-4.19226052719111,1.04862591705557,-2.30771541464599,-1.2032162428408,-2.06932735490048
"Richaun Holmes",-0.388974319106897,6.52997077514484,1.02132877639477,-2.14848762810409,-2.63728844304219,1.20390203152295,-2.56698675988169
"Ricky Rubio",0.866175338267997,-3.08826890376436,1.43841592068164,8.50855752242812,2.800666525495,-2.40677538002267,-0.576349139956867
"Robert Covington",0.996018406272296,-3.42693931499356,3.10676449782913,-0.283504726760953,2.38870023999976,0.401529273401702,1.91194788494916
"Rodney Hood",-0.778503523119795,-2.68186441028933,-2.31536837790019,-1.08278311305087,5.84921703815979,-1.12297896702867,1.41428847996795
"Rodney Hood",0.130397952910301,-2.34319399906013,-2.31536837790019,-1.34920924181417,4.11895863907977,-1.12297896702867,1.41428847996795
"Rodney Hood",-1.55756193114559,-1.46265092986422,-2.73245552218706,-1.88206149934078,0.905621612216891,-1.12297896702867,1.41428847996795
"Rodney McGruder",-1.68740499914989,1.99178726467359,-4.40080409933455,-3.21419214315731,-3.79079404242886,-1.60440262190142,-0.576349139956867
"Royce O'Neale",0.519927156923199,-2.74959849253517,-1.06410694503958,-1.88206149934078,-3.87318729952791,0.481766549213827,0.418969670005544
"Rudy Gay",0.0005548849060012,0.501637455265125,2.48113378139882,-2.14848762810409,1.48237441191023,0.802715652462328,1.41428847996795
"Rudy Gobert",-0.0427261377620986,10.7294838743869,14.1595738214312,-1.88206149934078,3.13023955389119,2.0062747896442,3.90258550487398
"Russell Westbrook",0.996018406272296,-0.988512354143339,12.9083123885706,21.8298639605934,12.9350371486779,-1.60440262190142,-1.07400854493807
"Ryan Anderson",0.390084088918899,-2.20772583456845,2.27259020925539,-3.21419214315731,-0.330277244268833,1.60508841058358,-2.56698675988169
"Semi Ojeleye",0.693051247595598,-7.9651228254648,-3.5666298107608,-4.81274891573714,-5.76823221280602,1.20390203152295,0.916629074986749
"Serge Ibaka",0.822894315599897,1.3144464422152,4.98365664712005,-3.48061827192062,2.38870023999976,1.20390203152295,-2.56698675988169
"Shabazz Muhammad",-1.99037215782659,5.98809811717812,-2.31536837790019,-4.01347052944723,-0.98942330106122,0.0805801701532021,0.418969670005544
"Shabazz Muhammad",-0.605379432447396,-1.12398051863502,-4.40080409933455,-4.81274891573714,-3.87318729952791,0.0805801701532021,0.418969670005544
"Shabazz Muhammad",-1.08147068179649,-5.12029137113954,-5.23497838790829,-5.07917504450045,-4.86190638471649,0.0805801701532021,0.418969670005544
"Shabazz Napier",0.736332270263697,-2.95280073927268,-3.35808623861737,-0.283504726760953,-0.824636786863124,-3.61033451720455,-2.06932735490048
"Shane Larkin",-0.129288183098298,-5.3912277001229,-4.60934767147798,-0.816356984287563,-4.44994009922125,-3.61033451720455,-8.04124021467495
"Shaun Livingston",0.606489202259398,2.53365992264031,-4.40080409933455,-0.283504726760953,-3.46122101403267,-2.24630082839842,0.916629074986749
"Solomon Hill",-1.94709113515849,-13.2483812406403,-1.89828123361332,-0.816356984287563,-6.01541198410317,0.401529273401702,0.916629074986749
"Stephen Curry",-0.259131251102597,2.12725542916527,2.48113378139882,10.6399665525346,13.7589697196684,-2.40677538002267,-1.07400854493807
"Sterling Brown",-0.129288183098298,-4.30748238418947,-2.73245552218706,-4.27989665821053,-4.69711987051839,0.802715652462328,0.418969670005544
"Steven Adams",0.822894315599897,11.2036224501078,10.6143330949928,-2.41491375686739,3.45981258228739,2.80864754776545,3.40492609989278
"T.J. McConnell",0.822894315599897,2.39819175814863,-1.89828123361332,5.04501784850515,-2.80207495724028,-2.40677538002267,-1.57166794991928
"Taj Gibson",1.0825804516085,7.6814501733241,6.65200522426753,-2.41491375686739,2.05912721160357,1.20390203152295,1.91194788494916
"Tarik Black",-0.259131251102597,8.62972732476585,-1.48119408932645,-4.81274891573714,-5.10908615601363,2.40746116870483,1.91194788494916
"Terrance Ferguson",0.1736789755784,-3.35920523274772,-6.4862398207689,-4.81274891573714,-5.43865918440983,-2.88819903489543,0.916629074986749
"Terry Rozier",0.996018406272296,-4.64615279541867,1.64695949282508,2.11433043210879,1.31758789771213,-2.40677538002267,-1.57166794991928
"Thaddeus Young",1.0392994289404,1.58538277119856,4.98365664712005,-0.549930855524259,1.72955418320737,0.802715652462328,1.41428847996795
"Thon Maker",0.736332270263697,-3.56240747948524,-1.89828123361332,-4.01347052944723,-4.03797381372601,0.241054721777452,3.90258550487398
"Tim Frazier",0.0871169302422008,-4.64615279541867,-4.19226052719111,3.18003494716201,-5.52105244150888,-4.01152089626518,-2.06932735490048
"Tomas Satoransky",0.693051247595598,4.02380973204878,-1.48119408932645,4.77859171974185,-2.06053564334885,-0.802029863780174,0.916629074986749
"Tony Bradley",-2.07693420316279,-12.9097108294111,-5.65206553219516,-5.34560117326375,-7.25131084058889,2.24698661708058,-2.56698675988169
"Tony Parker",-0.0860071604301984,-0.311171531684945,-4.60934767147798,3.71288720468863,-1.64856935785361,-2.8079617590833,-1.57166794991928
"Tony Snell",0.779613292931797,-1.93678950558509,-4.19226052719111,-2.14848762810409,-2.30771541464599,0.0805801701532021,0.916629074986749
"Trevor Ariza",0.433365111586999,-3.4946733972394,1.02132877639477,-1.34920924181417,1.64716092610832,-0.400843484719548,1.41428847996795
"Trevor Booker",-1.03818965912839,6.52997077514484,-0.438476228609274,-3.48061827192062,-4.12036707082506,0.642241100838078,1.41428847996795
"Trevor Booker",-1.68740499914989,3.34646890959038,5.60928736355035,-0.0170785979976477,0.328868812523552,0.642241100838078,1.41428847996795
"Trevor Booker",0.476646134255099,3.5496711563279,1.64695949282508,-2.41491375686739,-2.80207495724028,0.642241100838078,1.41428847996795
"Trevor Booker",-1.73068602181799,0.0274988795442524,1.22987234853821,-2.94776601439401,-3.54361427113172,0.642241100838078,1.41428847996795
"Tristan Thompson",-0.172569205766398,6.66543893963651,5.60928736355035,-4.01347052944723,-3.21404124273552,1.44461385895933,1.91194788494916
"Tyler Johnson",0.649770224927498,-1.93678950558509,-1.06410694503958,0.515773659528962,1.64716092610832,-2.40677538002267,-0.576349139956867
"Tyler Zeller",0.390084088918899,6.52997077514484,1.43841592068164,-3.74704440068392,-2.47250192884409,2.40746116870483,3.40492609989278
"Tyler Zeller",-1.42771886314129,8.56199324252001,1.43841592068164,-3.48061827192062,-3.13164798563648,2.40746116870483,3.40492609989278
"Tyler Zeller",-0.648660455115496,5.58169362370308,1.43841592068164,-3.74704440068392,-2.1429289004479,2.40746116870483,3.40492609989278
"Tyus Jones",1.0825804516085,-0.446639696176624,-4.81789124362142,1.84790430334549,-3.79079404242886,-2.88819903489543,-1.57166794991928
"Victor Oladipo",0.779613292931797,0.908041948740162,2.68967735354226,5.84429623479507,11.0399922353998,-0.802029863780174,-0.576349139956867
"Wayne Ellington",0.866175338267997,-3.8333438084686,-2.31536837790019,-2.94776601439401,1.23519464061308,-1.60440262190142,-0.0786897349756613
"Zach Collins",0.390084088918899,-4.44295054868115,-1.27265051718302,-3.48061827192062,-4.3675468421222,0.802715652462328,3.40492609989278
"Zaza Pachulia",0.519927156923199,6.80090710412819,1.64695949282508,-1.34920924181417,-3.54361427113172,4.01220668494733,-2.06932735490048
"Zhou Qi",-1.68740499914989,-18.6671078203074,-5.65206553219516,-5.34560117326375,-7.00413106929175,-0.802029863780174,3.90258550487398
